epoch: 0
lr-AdamW/non-decayable: 7.8125e-05
lr-AdamW/normal: 7.8125e-05
n_learnable_parameters: 11487
n_parameters: 11488
scale/many-body/C: 2.4787800312042236
step: 0
test/test/energy_mae: 2.4287471771240234
test/test/energy_rmse: 3.3095695972442627
test/test/forces_mae: 0.3032117187976837
test/test/forces_rmse: 0.3801208436489105
test/test/forces_rmse_batchwise: 0.4032727777957916
test/test/per_atom_energy_mae: 0.012144865468144417
test/test/per_atom_energy_rmse: 0.016547610983252525
test/train/energy_mae: 2.396869659423828
test/train/energy_rmse: 3.275851249694824
test/train/forces_mae: 0.28241440653800964
test/train/forces_rmse: 0.374255508184433
test/train/forces_rmse_batchwise: 0.3736926317214966
test/train/per_atom_energy_mae: 0.011983959004282951
test/train/per_atom_energy_rmse: 0.016378967091441154
test/valid/energy_mae: 2.6536457538604736
test/valid/energy_rmse: 3.304366111755371
test/valid/forces_mae: 0.2982126772403717
test/valid/forces_rmse: 0.377329558134079
test/valid/forces_rmse_batchwise: 0.40004801750183105
test/valid/per_atom_energy_mae: 0.01326751708984375
test/valid/per_atom_energy_rmse: 0.016521524637937546
timer/its_per_s/train: 45.45454406738281
timer/its_per_s/valid: 76.19047546386719
timer/step_duration_ms/train: 22.0
timer/step_duration_ms/valid: 13.25
train/loss/forces_rmse_batchwise_weighted: 0.362635999917984
train/loss/per_atom_energy_rmse_batchwise_weighted: 0.0126637052744627
train/loss/total: 0.37529969215393066
train/metrics/forces_rmse_batchwise: 0.362635999917984
train/metrics/per_atom_energy_rmse_batchwise: 0.0126637052744627
valid/loss/forces_rmse_batchwise_weighted: 0.4000859558582306
valid/loss/per_atom_energy_rmse_batchwise_weighted: 0.018398450687527657
valid/loss/total: 0.4184844195842743
valid/metrics/energy_mae: 2.9671947956085205
valid/metrics/energy_rmse: 3.7128870487213135
valid/metrics/forces_mae: 0.2982051968574524
valid/metrics/forces_rmse: 0.40132635831832886
valid/metrics/forces_rmse_batchwise: 0.4000859558582306
valid/metrics/per_atom_energy_mae: 0.014835781417787075
valid/metrics/per_atom_energy_rmse: 0.01856384240090847
valid/metrics/per_atom_energy_rmse_batchwise: 0.018398450687527657
