epoch: 0
lr-AdamW/non-decayable: 7.8125e-05
lr-AdamW/normal: 7.8125e-05
n_learnable_parameters: 4233
n_parameters: 4234
scale/many-body/C: 2.5100502967834473
step: 0
test/test/energy_mae: 4.306604385375977
test/test/energy_rmse: 5.89184045791626
test/test/forces_mae: 0.31051161885261536
test/test/forces_rmse: 0.4018774926662445
test/test/forces_rmse_batchwise: 0.408522367477417
test/test/per_atom_energy_mae: 0.021532976999878883
test/test/per_atom_energy_rmse: 0.029459292069077492
test/train/energy_mae: 4.3561811447143555
test/train/energy_rmse: 5.9017486572265625
test/train/forces_mae: 0.30507323145866394
test/train/forces_rmse: 0.40013837814331055
test/train/forces_rmse_batchwise: 0.39969176054000854
test/train/per_atom_energy_mae: 0.021781081333756447
test/train/per_atom_energy_rmse: 0.029508916661143303
test/valid/energy_mae: 4.435944557189941
test/valid/energy_rmse: 5.923767566680908
test/valid/forces_mae: 0.30877187848091125
test/valid/forces_rmse: 0.40096548199653625
test/valid/forces_rmse_batchwise: 0.4071599841117859
test/valid/per_atom_energy_mae: 0.022178085520863533
test/valid/per_atom_energy_rmse: 0.029618920758366585
timer/its_per_s/train: 40.0
timer/its_per_s/valid: 53.030303955078125
timer/step_duration_ms/train: 25.0
timer/step_duration_ms/valid: 19.5
train/loss/forces_rmse_batchwise_weighted: 0.41711392998695374
train/loss/per_atom_energy_rmse_batchwise_weighted: 0.01945178210735321
train/loss/total: 0.43656569719314575
train/metrics/forces_rmse_batchwise: 0.41711392998695374
train/metrics/per_atom_energy_rmse_batchwise: 0.01945178210735321
valid/loss/forces_rmse_batchwise_weighted: 0.40692105889320374
valid/loss/per_atom_energy_rmse_batchwise_weighted: 0.03114650398492813
valid/loss/total: 0.43806758522987366
valid/metrics/energy_mae: 4.662832736968994
valid/metrics/energy_rmse: 6.582948207855225
valid/metrics/forces_mae: 0.3086380958557129
valid/metrics/forces_rmse: 0.40733999013900757
valid/metrics/forces_rmse_batchwise: 0.40692105889320374
valid/metrics/per_atom_energy_mae: 0.0233137346804142
valid/metrics/per_atom_energy_rmse: 0.03291415423154831
valid/metrics/per_atom_energy_rmse_batchwise: 0.03114650398492813
