epoch: 0
lr-AdamW/non-decayable: 0.00015625
lr-AdamW/normal: 0.00015625
n_learnable_parameters: 4194
n_parameters: 4195
scale/many-body/C: 2.495297908782959
step: 0
test/test/energy_mae: 10.961443901062012
test/test/energy_rmse: 14.457110404968262
test/test/forces_mae: 0.4445710778236389
test/test/forces_rmse: 0.5714618563652039
test/test/forces_rmse_batchwise: 0.587028980255127
test/test/per_atom_energy_mae: 0.05480815842747688
test/test/per_atom_energy_rmse: 0.07228609174489975
test/train/energy_mae: 10.91160774230957
test/train/energy_rmse: 14.556921005249023
test/train/forces_mae: 0.4330516457557678
test/train/forces_rmse: 0.5677580237388611
test/train/forces_rmse_batchwise: 0.5672140717506409
test/train/per_atom_energy_mae: 0.05455850064754486
test/train/per_atom_energy_rmse: 0.07278510183095932
test/valid/energy_mae: 10.03135871887207
test/valid/energy_rmse: 14.435636520385742
test/valid/forces_mae: 0.44262903928756714
test/valid/forces_rmse: 0.5695673227310181
test/valid/forces_rmse_batchwise: 0.5827451944351196
test/valid/per_atom_energy_mae: 0.050156205892562866
test/valid/per_atom_energy_rmse: 0.07217865437269211
timer/its_per_s/train: 23.809524536132812
timer/its_per_s/valid: 20.8098201751709
timer/step_duration_ms/train: 42.0
timer/step_duration_ms/valid: 52.5
train/loss/forces_rmse_batchwise_weighted: 0.5620081424713135
train/loss/per_atom_energy_rmse_batchwise_weighted: 0.08729306608438492
train/loss/total: 0.6493012309074402
train/metrics/forces_rmse_batchwise: 0.5620081424713135
train/metrics/per_atom_energy_rmse_batchwise: 0.08729306608438492
valid/loss/forces_rmse_batchwise_weighted: 0.5827452540397644
valid/loss/per_atom_energy_rmse_batchwise_weighted: 0.06531579792499542
valid/loss/total: 0.6480609774589539
valid/metrics/energy_mae: 10.031286239624023
valid/metrics/energy_rmse: 13.416244506835938
valid/metrics/forces_mae: 0.44262903928756714
valid/metrics/forces_rmse: 0.583970308303833
valid/metrics/forces_rmse_batchwise: 0.5827452540397644
valid/metrics/per_atom_energy_mae: 0.050156205892562866
valid/metrics/per_atom_energy_rmse: 0.06708132475614548
valid/metrics/per_atom_energy_rmse_batchwise: 0.06531579792499542
